Hash table statistics:
bucket length	| # of buckets
-------------	| ------------
0		| 256967455
1		| 8085
2		| 4280
3		| 3011
4		| 2262
5		| 1696
6		| 1182
7		| 916
8		| 624
9		| 505
10		| 441
11		| 346
12		| 327
13		| 250
14		| 250
15		| 223
16		| 196
17		| 198
18		| 179
19		| 161
20		| 170
21		| 151
22		| 172
23		| 160
24		| 159
25		| 154
26		| 135
27		| 160
28		| 158
29		| 168
30		| 158
31		| 129
32		| 145
33		| 142
34		| 140
35		| 142
36		| 102
37		| 125
38		| 141
39		| 117
40		| 104
41		| 120
42		| 130
43		| 139
44		| 112
45		| 112
46		| 83
47		| 109
48		| 96
49		| 103
50		| 122
51		| 112
52		| 96
53		| 77
54		| 84
55		| 72
56		| 77
57		| 73
58		| 73
59		| 89
60		| 66
61		| 83
62		| 71
63		| 75
64		| 83
65		| 69
66		| 82
67		| 72
68		| 58
69		| 77
70		| 73
71		| 70
72		| 84
73		| 66
74		| 63
75		| 79
76		| 66
77		| 64
78		| 71
79		| 82
80		| 57
81		| 58
82		| 68
83		| 74
84		| 54
85		| 53
86		| 61
87		| 67
88		| 40
89		| 41
90		| 52
91		| 39
92		| 39
93		| 39
94		| 39
95		| 35
96		| 27
97		| 22
98		| 21
99		| 27
100		| 13
101		| 18
102		| 17
103		| 15
104		| 11
105		| 4
106		| 14
107		| 8
108		| 7
109		| 2
110		| 5
111		| 7
112		| 3
113		| 6
114		| 5
115		| 3
116		| 3
117		| 2
118		| 1
119		| 1
120		| 0
121		| 3
122		| 1
123		| 0
124		| 0
125		| 0
126		| 1
127		| 0
128		| 2
Average bucket length: 0.00186703

Misspelled 5823 words.
 Total cycles: 2.9183e+08
 Words checked: 211783
 Cycles/success: 1291.03
 Cycles/failure: 2932.57
 Extra time/word: 41.8044
